3,2
3,1
3,3
10,109
10,71
10,65
10,107
10,117
10,239
10,29
10,179
11,17
11,22
11,28
9,5
9,2
8,7
8,13
8,10
8,15
8,2
8,3
0,318
74,5
74,4
74,3
74,2
74,1
74,0
72,3
72,2
72,1
72,0
71,6
71,5
71,4
71,3
71,2
71,1
71,0
69,4
69,3
69,2
69,1
69,0
68,4
68,3
68,2
68,1
68,0
67,3
67,1
51,3
51,1
49,3
49,1
48,3
48,1
46,3
46,1
41,3
41,1
40,3
36,3
36,1
34,3
34,1
31,3
31,1
30,3
30,1
27,3
27,1
26,3
26,1
24,3
20,3
20,2
20,1
19,3
19,2
19,1
14,7
14,5
14,4
12,3
12,2
12,1
11,26
11,23
11,20
11,19
11,12
11,11
11,10
11,9
11,8
11,7
11,4
11,3
11,2
11,1
10,244
18,1
10,240
18,3
10,234
10,228
14,6
